# Created by Octave 3.8.1, Sat Feb 21 20:20:22 2015 EAT <banga@banga-Inspiron-1545>
# name: m
# type: matrix
# rows: 100
# columns: 6
 0.534815011321269 0.8848592691666853 0.3945402720303642 0.6005873969943389 0.191036940643675 0.3878273222581655
 0.4404163109551014 0.3198282456222207 0.6392014749156709 0.2005710672917305 0.1726657099599923 0.9445892690442005
 0.3005544696996054 0.7458964876825893 0.4494145024252668 0.2787932785238998 0.9722457659446776 0.9760885551903612
 0.9099276462911091 0.8621449498392825 0.5024463823180862 0.4199276197337211 0.7474795281176161 0.3309576801550777
 0.1510908965857224 0.7196848334071911 0.7206654435694126 0.8279229215244823 0.2419883037137796 0.5766361152825294
 0.593721998613468 0.1645315431567604 0.2874081237903247 0.9224729761798585 0.2307489543074404 0.5397129697842403
 0.2806518356199856 0.6814342321207608 0.8640800849291566 0.7397538295282351 0.1062150439593467 0.7123674108680185
 0.4689096755267965 0.07818680669999305 0.5799074845854141 0.6260486017971053 0.3918044876243087 0.03201202743105362
 0.4763160627295013 0.3070464962932827 0.9278328097777867 0.7989230993306634 0.3976808789650673 0.9037855439531896
 0.07332949461262177 0.9217738527444099 0.8266748557477662 0.01606578524270712 0.1238442302640165 0.6503962365180045
 0.7776644924004714 0.1749174676165093 0.8418707631953041 0.04270814359556067 0.6218977142651675 0.3526726883369024
 0.1945378352378698 0.2620523390630168 0.6678757448483139 0.9968421524429086 0.4449578457929522 0.7500925861388533
 0.7009048308396084 0.1650561656153431 0.7466341432027678 0.8493918164664495 0.6348643791508654 0.8850998909846883
 0.141827044264152 0.7545563960062051 0.1398260831878405 0.6580522550617679 0.1375175256271425 0.2381912953542776
 0.7300472774838581 0.261836737524651 0.8344066856629704 0.6394159544288264 0.1034694812397239 0.4140603065955678
 0.8627833424842999 0.6658324184024351 0.9250846668654987 0.4984389423251204 0.2205775139706129 0.7410258182816816
 0.5908630869702257 0.8873023260758665 0.6104958691038337 0.4147483046100612 0.5190051421603139 0.1037610402402333
 0.8215529779918981 0.1779730470615715 0.8740591659173391 0.07556385424700933 0.6982651062829656 0.06680015216700423
 0.4070850525709592 0.2931365552676277 0.1552978864111339 0.7419089150267514 0.7053873230201214 0.3274819383527948
 0.1904516974901305 0.02288861437593419 0.7753295027782465 0.6873562856027462 0.1547888462585894 0.15235937392414
 0.2457580600175348 0.5565822380674934 0.3618733390288001 0.03894071680361592 0.6968051819368685 0.2155524394238417
 0.1961930767701076 0.524256751219018 0.07040092454707307 0.02243586156440041 0.4021880667338776 0.3526315755947134
 0.612963064430352 0.6187032137782632 0.4606875068127498 0.08034306240288529 0.5803691482856417 0.01010167102413344
 0.04492205358785699 0.5419401562543928 0.1763270127083478 0.07014650008084548 0.9172397107134169 0.108093232633054
 0.3126127829213676 0.1868280995531214 0.09104869378490336 0.04563646558542282 0.2691365392222307 0.04822608210156447
 0.5847558630272013 0.0005117076757385375 0.8560581496829993 0.01519049820608891 0.7413186886993994 0.6040976045608645
 0.1173768942390139 0.4122082459813807 0.5305888435504568 0.5333122542635602 0.8508547143210586 0.3270361075583744
 0.9117910622362475 0.3653336704862303 0.9719822785979361 0.2503068288070565 0.2626361276466001 0.2378364228953144
 0.2680099256336841 0.7196773007484334 0.5974615603217573 0.2750517324941887 0.154797686464138 0.7693242371806421
 0.7260508631457435 0.4982680011682595 0.4244540225811134 0.2574104694959637 0.2754570926884932 0.2282165458568637
 0.8245430784158186 0.4664181314526277 0.3085760967981558 0.2278425870677668 0.709466671284281 0.1408094367956361
 0.3336865319867211 0.9876077580493824 0.9363322960385007 0.8876609571048086 0.7180545807775764 0.1243506253722976
 0.9688785325207167 0.1751738431437929 0.9491890798802823 0.5242612066385318 0.7353885585849899 0.3964286678102221
 0.7896701886185775 0.1066820038659081 0.776797840973749 0.6377907353128068 0.520407121094582 0.3338725283325537
 0.9227575201634576 0.7063008702321049 0.1923779376120725 0.7072848858749861 0.4042387289563917 0.5246553383998954
 0.9470456213315386 0.05541089013549032 0.354123631842982 0.675146265143669 0.7640739688340142 0.1804599959385377
 0.3314987841823283 0.8867409692812795 0.03732409546836794 0.26123684767773 0.9569234702527528 0.2206676980876243
 0.7946297999073734 0.7819208206634441 0.06452052395481249 0.3346947934043363 0.5408436335153238 0.3746788027543448
 0.1700368065149346 0.9229174670401157 0.3108148977027296 0.5117902083355267 0.5691436140163039 0.3917378734391564
 0.290940709440398 0.1581539374451739 0.07442379827561156 0.9869842334904024 0.7841414512400768 0.674810322452745
 0.4433799648313202 0.4853553200158353 0.1178187060851085 0.5254096512422687 0.9219055186344123 0.4007416576808731
 0.2384770583959724 0.1743732447338531 0.01455437440490575 0.6258550107019987 0.352478540059763 0.5277103051403709
 0.1440039425144046 0.5194401777061314 0.6884273089819427 0.6981209405358993 0.009685829290121673 0.04354919672618444
 0.6490073648210748 0.2857570916215142 0.01953939624513028 0.8579622724177858 0.5942518619410923 0.05078711547885399
 0.7128131805061193 0.592569154010242 0.549953696883961 0.9226744336549373 0.8830726966123162 0.3533838303582615
 0.6127558627882768 0.145667720015449 0.4066308703241437 0.1556944998172126 0.06741995261384974 0.3833054963249994
 0.3707281087801794 0.4481839354583494 0.7664786994556486 0.8512968507869563 0.3207432888225766 0.02971206418506716
 0.3375284181787467 0.8077321880357836 0.742277037251464 0.2648348547802141 0.9552320832841567 0.662667554685182
 0.6649336618014806 0.4547371567801986 0.9184910062000009 0.9568048982009548 0.520172089691036 0.6854981626804214
 0.6543952915850303 0.9088275392653191 0.975492417515584 0.3797060680445788 0.2177078663353657 0.5751525311531479
 0.3902950282101869 0.8475350704405203 0.8733711822826397 0.6926720137579759 0.593504623626935 0.920407457497056
 0.5860003044509562 0.1610391353078406 0.1508563001919087 0.5770958810694174 0.6702917432763256 0.581736905445957
 0.211089350583126 0.7325975435323827 0.2360086137734119 0.8347285178660786 0.4676461308334977 0.8145357987039017
 0.3966389990599091 0.7311171470072284 0.4218867397038047 0.4695313273580469 0.6198181007922188 0.7137584362227446
 0.6710286283398926 0.4992092494203236 0.3504375626848013 0.7656514445689884 0.3985540205896326 0.7262940230620011
 0.04795827005454849 0.9547704715310161 0.3506056982270545 0.5150593832711476 0.3426054539547544 0.08801417552125128
 0.1994877598968112 0.4071669624070308 0.8824583922760363 0.9836943026775156 0.2298625945889005 0.9876819853210237
 0.2417867991017734 0.8769255056334365 0.9356283532470507 0.271284006273603 0.343828224464489 0.04899986164951035
 0.6812385480953272 0.05873957490660668 0.8358819372724867 0.628190376513081 0.0857293495050148 0.1335528463121177
 0.5024961522211175 0.5346726521132631 0.4169590674983324 0.8609085287086051 0.2732772262117355 0.02568732560452296
 0.3261185070258827 0.8249686228403041 0.170235401330529 0.634640586748534 0.9365212610878002 0.192675219806591
 0.1258179977163758 0.5614862884143675 0.4126280924627986 0.8222908528861935 0.317380203805348 0.1176101422168066
 0.9245187214824936 0.8894223005230107 0.2540450505187128 0.8705825582482165 0.1379107060734794 0.278023159314064
 0.5298205223559445 0.7166483167283937 0.9890897917906977 0.8810839494823796 0.8205936260130197 0.7605357239010274
 0.9142412199355693 0.8178458628643196 0.6602811954999456 0.64684681008713 0.8983809580050208 0.8935680554302551
 0.9406370382195269 0.5282178509805122 0.9326768610897971 0.9036588730834439 0.6732508195468866 0.8770810825625935
 0.3260829886458921 0.3222127304818302 0.0650951188163315 0.5949400193151376 0.8405417997851921 0.901730746305781
 0.2977600968752547 0.4496663746196278 0.8702563433185119 0.941190221932739 0.3327951136403125 0.02888707287881513
